10000000
1e-07
+--------+---------+---------+---------+---------+---------+---------+---------+---------+---------+---------+
| Thread |    1    |    2    |    3    |    4    |    5    |    6    |    7    |    8    |    9    |    10   |
+--------+---------+---------+---------+---------+---------+---------+---------+---------+---------+---------+
|   1    | 6.43359 |  6.7666 | 5.96191 | 5.91992 | 6.47949 | 7.12891 |  5.8916 |  5.2832 | 5.55566 | 5.35645 |
|   2    | 3.87109 | 3.99219 | 3.80566 | 3.76758 | 4.91699 | 4.82422 | 3.67578 |  3.2334 |  3.2168 | 3.12598 |
|   3    |  3.2002 | 3.30859 | 3.16797 | 4.00391 | 3.74805 | 3.93848 | 2.77734 | 2.74609 | 2.68457 |  2.6377 |
|   4    | 3.07129 | 2.81445 | 3.00781 |  3.4873 | 2.58008 | 2.83789 | 2.49316 | 2.65918 | 2.58105 | 2.37207 |
+--------+---------+---------+---------+---------+---------+---------+---------+---------+---------+---------+
