10000000
1e-07
+--------+---------+---------+---------+---------+---------+---------+---------+---------+---------+---------+
| Thread |    1    |    2    |    3    |    4    |    5    |    6    |    7    |    8    |    9    |    10   |
+--------+---------+---------+---------+---------+---------+---------+---------+---------+---------+---------+
|   1    | 0.50977 | 0.52148 | 0.52246 | 0.71973 | 0.75977 | 0.76953 | 0.76562 | 0.78027 | 0.78906 | 0.82129 |
|   2    | 0.32031 | 0.30176 | 0.28809 | 0.40527 | 0.38574 | 0.38477 | 0.37793 | 0.38477 | 0.56543 |  0.4082 |
|   3    | 0.25195 | 0.25195 | 0.25098 | 0.33105 | 0.32227 | 0.31152 | 0.30469 | 0.30469 | 0.30566 | 0.35254 |
|   4    | 0.20508 | 0.21094 | 0.28613 | 0.32129 | 0.31152 | 0.31055 | 0.30957 |  0.2959 | 0.29883 | 0.40137 |
+--------+---------+---------+---------+---------+---------+---------+---------+---------+---------+---------+
