10000000
1e-07
+--------+---------+---------+---------+---------+---------+---------+---------+---------+---------+---------+
| Thread |    1    |    2    |    3    |    4    |    5    |    6    |    7    |    8    |    9    |    10   |
+--------+---------+---------+---------+---------+---------+---------+---------+---------+---------+---------+
|   1    | 1.05176 | 1.27344 | 1.27148 |  1.2627 |   1.25  |  1.2959 |  1.2959 |  1.3291 | 1.35254 | 1.33789 |
|   2    | 0.68359 | 0.69238 | 0.67285 | 0.70508 | 0.69141 | 0.65625 | 0.64746 | 0.67578 | 0.77539 | 0.69531 |
|   3    |  0.5957 | 0.61133 | 0.56738 |  0.5918 | 0.58691 | 0.57617 | 0.55566 | 0.56055 | 0.56836 |  0.5625 |
|   4    | 0.58008 | 0.56738 | 0.55762 | 0.56152 | 0.55762 | 0.53613 | 0.55762 | 0.53223 | 0.54004 | 0.58105 |
+--------+---------+---------+---------+---------+---------+---------+---------+---------+---------+---------+
